function result=run_vlm( Vs, TWSRef, Lambda, AWA,Head,Main)
%speed in m/s and angles in degrees
% VLM
% Code written by Julien Pilate. 
% Property of North Sails

% 21/5/2014: Update the code for Adrien
% 22/3/2011: Reads _V but if _H is present use Z_H2V
% 9/3/2011: Function run_vlm in the folder
% 8/3/2011: Divide the gamma_chord/AWRef
% 4/3/2011: Va becomes AW- Include windshear in get_wake
% 2/3/2011: change the outputs  format- Add the object WindProfile
% 1/3/2011: reads the _H as input
% 8/2/2011: loading function return object.
% 19/1/2011: function return object, sail->Sail, dCp from Joukowski method
% 10/12/2010: Joukowski method can be used
% 15/12/2010: Va is an object



%--------------------------------------------------------------------------
%% 1 Inputs
%--------------------------------------------------------------------------
% The boat is on starboard tack, x points the stern, Y down, Z port.
%--------------------------------------------------------------------------
%
%1.1 General Parameters
% TWSRef=5;       %[m/s]
% AWA=46;         %[deg]
% Lambda=2;       %[deg]
% Vs=2;           %[m/s]

rho=1.205;      %[kg/m^3]
mirror=1;       % Mirror plane on/off
Windshear=1;    % WindShear  on/off

AWS= Vs*cos((Lambda+AWA)/180*pi)+(TWSRef^2-(Vs*sin((Lambda+AWA)/180*pi))^2)^0.5;     % Apparent Wind Speed at 10 m above the water [m/s]
TWA= 180-acos((Vs^2+TWSRef^2-AWS^2)/(2*Vs*TWSRef))*180/pi-Lambda;                    % True Wind Angle [deg]                                                               % True Wind Speed at 10 m above the water [m/s]
    
%1.2 The points of the HeadSail + MainSail

% Head.X=[-6.18228100000000,-6.07708900000000,-5.82946700000000,-5.50645700000000,-5.10457700000000,-4.62290000000000,-4.06965400000000,-3.45995300000000,-2.81504600000000,-2.16242800000000,-1.53167400000000,-0.950877000000000,-0.443064000000000,-0.0223630000000000,0.306674000000000,0.551604000000000,0.654972000000000;-6.16434700000000,-6.06087900000000,-5.81622900000000,-5.49489500000000,-5.09373000000000,-4.61293000000000,-4.06103700000000,-3.45290600000000,-2.80951000000000,-2.15830300000000,-1.52867100000000,-0.949112000000000,-0.442221000000000,-0.0215100000000000,0.307436000000000,0.552046000000000,0.655292000000000;-6.09281100000000,-5.99529200000000,-5.76133000000000,-5.44692900000000,-5.04955100000000,-4.57277700000000,-4.02635900000000,-3.42451200000000,-2.78721300000000,-2.14164100000000,-1.51648400000000,-0.941720000000000,-0.438351000000000,-0.0178600000000000,0.310516000000000,0.553833000000000,0.656559000000000;-5.95053000000000,-5.86165300000000,-5.64486800000000,-5.34491800000000,-4.95818000000000,-4.49126800000000,-3.95607800000000,-3.36684600000000,-2.74191700000000,-2.10756300000000,-1.49132500000000,-0.925589000000000,-0.428729000000000,-0.00968500000000000,0.316804000000000,0.557485000000000,0.659045000000000;-5.73905000000000,-5.65710500000000,-5.45790400000000,-5.17984300000000,-4.81421800000000,-4.36560000000000,-3.84808000000000,-3.27793300000000,-2.67182200000000,-2.05412400000000,-1.45128800000000,-0.897962000000000,-0.410026000000000,0.00450500000000000,0.326574000000000,0.563113000000000,0.662678000000000;-5.46059600000000,-5.38224200000000,-5.19733300000000,-4.94555500000000,-4.61104200000000,-4.19063600000000,-3.69858500000000,-3.15432200000000,-2.57330800000000,-1.97737800000000,-1.39273700000000,-0.854575000000000,-0.378282000000000,0.0263140000000000,0.340275000000000,0.570786000000000,0.667402000000000;-5.11796600000000,-5.04329600000000,-4.87111200000000,-4.64359000000000,-4.34310200000000,-3.95936400000000,-3.50204000000000,-2.99082700000000,-2.44060800000000,-1.87132800000000,-1.31042900000000,-0.790491000000000,-0.330328000000000,0.0568890000000000,0.358461000000000,0.580471000000000,0.673207000000000;-4.71437700000000,-4.64614900000000,-4.48796900000000,-4.28011900000000,-4.01060400000000,-3.66751100000000,-3.25256200000000,-2.78100400000000,-2.26722800000000,-1.73080000000000,-1.20044500000000,-0.703934000000000,-0.266368000000000,0.0965170000000000,0.381423000000000,0.592085000000000,0.680054000000000;-4.25351400000000,-4.19266100000000,-4.05030500000000,-3.86247100000000,-3.62153900000000,-3.31723600000000,-2.94666300000000,-2.51949900000000,-2.04863400000000,-1.55404400000000,-1.06240900000000,-0.598126000000000,-0.190563000000000,0.144514000000000,0.408973000000000,0.605547000000000,0.687843000000000;-3.74018500000000,-3.68662200000000,-3.56167800000000,-3.39686000000000,-3.18475000000000,-2.91643500000000,-2.58918800000000,-2.20962900000000,-1.78792100000000,-1.34342400000000,-0.898493000000000,-0.475962000000000,-0.105104000000000,0.199927000000000,0.440782000000000,0.620796000000000,0.696473000000000;-3.17999900000000,-3.13452600000000,-3.02815600000000,-2.88747200000000,-2.70620900000000,-2.47523600000000,-2.19202800000000,-1.86283200000000,-1.49479700000000,-1.10464200000000,-0.712416000000000,-0.338233000000000,-0.00900600000000000,0.262026000000000,0.476521000000000,0.637757000000000,0.705861000000000;-2.57818500000000,-2.54136600000000,-2.45472200000000,-2.33971300000000,-2.19178000000000,-2.00112100000000,-1.76459600000000,-1.48834200000000,-1.17688700000000,-0.844127000000000,-0.508571000000000,-0.186958000000000,0.0966380000000000,0.330053000000000,0.515728000000000,0.656241000000000,0.715904000000000;-1.94055300000000,-1.91257200000000,-1.84702100000000,-1.76008900000000,-1.64777200000000,-1.49994100000000,-1.31295400000000,-1.09213400000000,-0.839626000000000,-0.567266000000000,-0.291045000000000,-0.0247880000000000,0.209889000000000,0.403076000000000,0.557854000000000,0.676006000000000,0.726490000000000;-1.27454700000000,-1.25586900000000,-1.21270000000000,-1.15554900000000,-1.08088200000000,-0.978137000000000,-0.842880000000000,-0.679729000000000,-0.488307000000000,-0.278275000000000,-0.0633350000000000,0.145772000000000,0.329337000000000,0.479998000000000,0.602300000000000,0.696806000000000,0.737517000000000;-0.588250000000000,-0.579259000000000,-0.559526000000000,-0.533660000000000,-0.498286000000000,-0.442221000000000,-0.360314000000000,-0.256420000000000,-0.127491000000000,0.0189310000000000,0.171387000000000,0.322084000000000,0.452996000000000,0.559728000000000,0.648502000000000,0.718395000000000,0.748867000000000;0.109846000000000,0.108259000000000,0.103493000000000,0.0973350000000000,0.0924830000000000,0.101031000000000,0.128632000000000,0.172323000000000,0.238032000000000,0.320319000000000,0.409934000000000,0.501646000000000,0.578911000000000,0.641142000000000,0.695940000000000,0.740508000000000,0.760435000000000;0.460725000000000,0.453469000000000,0.436158000000000,0.414016000000000,0.388959000000000,0.373639000000000,0.373942000000000,0.387357000000000,0.421334000000000,0.471557000000000,0.529758000000000,0.591928000000000,0.642205000000000,0.682122000000000,0.719897000000000,0.751658000000000,0.766263000000000;];
